 PRIMER EJEMPLO TESIS PILAR mm, N, MPa
  0        0        1
  0        0        0        0        0
  0        0        1
  210D+03       0.30       2.0D-05       210D+03       0.30       1.0D-5       
  0.0       50.0e-3       35.0e-3       
  1
  2460.d0    8.98D-3    3.535D-3
  2460.d0    8.98D-3    3.535D-3
  0
  0
  0
  0        1
  8        8        1.000000e+00        1.000000e+00
  0        0
  0.000000e+00        5.000000e+01        0.000000e+00
  5.000000e+01        5.000000e+01        0.000000e+00
  5.000000e+01        0.000000e+00        0.000000e+00
  0.000000e+00        0.000000e+00        0.000000e+00
 128        9
 128        3
  0        0
  8        8        1.000000e+00        1.000000e+00
  0        0
  0.000000e+00        0.000000e+00        5.000000e+01
  5.000000e+01        0.000000e+00        5.000000e+01
  5.000000e+01        5.000000e+01        5.000000e+01
  0.000000e+00        5.000000e+01        5.000000e+01
  0        0
  8        8        1.000000e+00        1.000000e+00
  0        0
  0.000000e+00        0.000000e+00        0.000000e+00
  5.000000e+01        0.000000e+00        0.000000e+00
  5.000000e+01        0.000000e+00        5.000000e+01
  0.000000e+00        0.000000e+00        5.000000e+01
  0        0
  8        8        1.000000e+00        1.000000e+00
  0        0
  5.000000e+01        5.000000e+01        5.000000e+01
  5.000000e+01        0.000000e+00        5.000000e+01
  5.000000e+01        0.000000e+00        0.000000e+00
  5.000000e+01        5.000000e+01        0.000000e+00
  0        1
  8        8        1.000000e+00        1.000000e+00
  0        0
  0.000000e+00        5.000000e+01        5.000000e+01
  5.000000e+01        5.000000e+01        5.000000e+01
  5.000000e+01        5.000000e+01        0.000000e+00
  0.000000e+00        5.000000e+01        0.000000e+00
  384        4
  640        8
  256        1
  640        2
  384        0.         0.         0.           0	
  640        0.         0.         0.           1
  256        6.000000e+01        0.000000e+00        0
  640        0.000000e+00        0.000000e+00        1
  0        0
  8        8        1.000000e+00        1.000000e+00
  0        0
  0.000000e+00        5.000000e+01        0.000000e+00
  5.000000e+01        5.000000e+01        0.000000e+00
  5.000000e+01        5.000000e+01        -5.000000e+01
  0.000000e+00        5.000000e+01        -5.000000e+01
  0        0
  8        8        1.000000e+00        1.000000e+00
  0        0
  5.000000e+01        5.000000e+01        0.000000e+00
  5.000000e+01        0.000000e+00        0.000000e+00
  5.000000e+01        0.000000e+00        -5.000000e+01
  5.000000e+01        5.000000e+01        -5.000000e+01
  0        0
  8        8        1.000000e+00        1.000000e+00
  0        0
  0.000000e+00        0.000000e+00        0.000000e+00
  0.000000e+00        0.000000e+00        -5.000000e+01
  5.000000e+01        0.000000e+00        -5.000000e+01
  5.000000e+01        0.000000e+00        0.000000e+00
  0        1
  8        8        1.000000e+00        1.000000e+00
  0        0
  0.000000e+00        0.000000e+00        -5.000000e+01
  0.000000e+00        5.000000e+01        -5.000000e+01
  5.000000e+01        5.000000e+01        -5.000000e+01
  5.000000e+01        0.000000e+00        -5.000000e+01
  384          8
  640          4 
  512          2
  640          1
  384          0.        0.        0.        0
  640          0.        0.        0.        1
  512        0.000000e+00        0.000000e+00        0
  640        -6.000000e+01        0.000000e+00        1
